ID	NASTAVITVENITLAK	TOLERANCATLAK	TOLERANCAPOMIK	TLAKSISTEMA	PN	PREMER	HOTT
2	100	0	0.2	0	0	0	1
3	3.2	0.275	0.2	0.011	10	0	3
5	3.2	0.255	0.2	0.011	10	0	3
11	32	0	0	0	63	22.5	1
12	32	0.365	0.2	0	63	22.5	1
13	1	0	0.2	0	16	175	1
14	1	0	0.2	0	16	175	1
15	2.8	0	0.2	0	16	222	1
16	32	0	0	0	63	22.5	1
17	32	0	0	0	63	22.5	1
18	242	0	0	0	63	14	1
19	242	0	0	0	63	14	1
20	8	0	0	0	40	14	1
21	8	0	0	0	40	14	1
22	72	0	0	0	63	14	1
23	72	0	0	0	63	14	1
24	25	0	0	0	25	43	1
25	5	0	0	0	25	53	1
26	5	0	0	0	25	53	1
27	25	0	0	0	25	43	1
28	4	0	0	0	25	60	1
29	4	0	0	0	25	60	1
30	16	0	0.2	5.9	40	37	2
31	16	0	0.2	5.9	40	37	2
33	10	0	0.2	0	40	23	1
34	10	0	0.2	2.1	40	37	2
35	13	0	0.2	0	40	98	1
36	21	0	0.2	0	40	37	1
37	1.99	0	0.2	1.3	40	98	2
38	4	0	0.2	2.2	40	165	2
39	4	0	0.2	2.1	16	165	2
40	4	0	0.2	2.1	40	165	2
42	4	0	0.2	1.3	40	125	2
43	2.4	0	0.2	1.3	40	295	2
44	10	0	0	0	40	23	1
45	10	0	0	0	40	23	1
46	4	0	0.2	2	40	98	2
47	4	0	0.2	2	40	98	2
48	25	0	0	21.7	40	38	2
49	20	0	0.2	7.8	40	46	2
50	0.8	0	0.2	0	40	18	1
51	8.1	0	0.2	2.1	40	125	2
52	1.99	0	0.2	1.4	25	165	2
53	1.99	0	0.2	1.4	25	165	2
55	8.5	0	0.2	5	40	110	2
56	8.5	0	0.2	5	25	112	2
57	10	0	0.2	5	40	125	2
58	25.5	0	0.2	22.2	40	64	2
59	25	0	0.2	22.2	40	64	2
60	24	0	0.2	22	40	64	2
61	25	0	0.2	22	40	64	2
62	3.3	0	0.2	1.3	40	125	2
63	0.5	0	0.2	0.44	16	40	2
64	25	0	0.2	0	25	79	1
69	18	0	0	11.5	16	0	2
72	12	0	0	7.8	40	60	2
73	12	0	0	7.8	40	60	2
74	6.55	0	0	4.8	40	0	2
75	4.83	0	0	0	40	0	1
76	4.83	0	0	2.3	0	0	2
77	14.5	0	0	10	40	126	2
79	26	0.26	0	0	40	25	1
80	44.3	0	0.2	0	63	00	1
81	44.3	0	0.2	4	63	0	2
82	44.3	0	0.2	0	63	0	1
83	44.3	0	0.2	0	63	0	1
84	44.5	0	0.2	31	63	00	2
86	44.5	0	0.2	0	63	0	1
87	35.57	0	0.2	0	63	00	1
88	35.57	0	0.2	0	63	0	1
89	7.5	0	0.2	1.43	63	0	2
90	44.3	0	0.2	6	63	0	2
91	8	0	0.2	0	63	0	1
92	8	0	0.2	0	63	0	1
93	60	0	0.2	0	16	0	1
94	49	0	0.2	14	200	20	2
95	52	0	0.2	13	200	85	2
96	170	0	0.2	98	200	20	2
97	170	0	0.2	98	200	20	2
98	170	0	0.2	98	200	20	2
99	181	0	0.2	119	200	20	2
100	181	0	0.2	123	200	20	2
101	181	0	0.2	145	200	20	2
102	181	0	0	145	0	20	2
103	181	0	0	145	200	20	2
104	181	0	0	145	200	20	2
105	181	0	0	145	200	20	2
106	181	0	0	145	200	20	2
107	49.5	0	0	0	160	0	1
109	143	0	0	0	0	64	1
110	140	0	0	0	0	64	1
111	26	0	0	0	0	135	1
112	35	0	0	0	63	0	1
113	8	0	0.2	0	40	63	1
114	26	0	0	0	0	135	1
115	25	0	0	0	0	135	1
116	25	0	0	0	0	135	1
117	38	0.26	0	0	63	40	3
118	10	0	0	0	40	63	1
119	10	0	0	0	40	63	1
120	10	0	0.2	0	40	63	1
121	10	0	0	0	40	63	1
122	10	0	0	5	40	38	2
123	10	0	0	0	40	38	1
124	10	0	0	0	40	38	1
125	38	0	0	0	63	40	1
126	38	0	0	0	63	40	1
127	27	0	0.2	0	63	0	1
128	26.5	0	0.2	0	63	0	1
129	27	0	0.2	0	63	0	1
130	26	0	0.2	0	63	0	1
131	27	0	0.2	0	63	0	1
132	26	0	0.2	0	63	0	1
133	26	0	0.2	0	63	0	1
134	27	0	0.2	0	63	0	1
135	140	0	0	0	0	64	1
136	140	0	0	0	0	64	1
137	122	0	0	0	0	64	1
138	124	0	0	0	0	64	1
139	32	0	0	0	40	33	1
140	4	0	0.2	0	16	80	1
141	60	0.26	0.2	25	25	60	2
143	141	0	0.2	0	0	64	1
144	140	0	0.2	0	0	64	1
145	122	0	0.2	0	0	63	1
146	124	0	0.2	0	0	63	1
147	250	0	0.2	0	400	13	1
148	250	0	0.2	0	400	13	1
149	250	0	0.2	0	400	13	1
150	250	0	0.2	0	400	13	1
151	3	0	0	0	40	0	1
152	60	0	0.2	0	64	0	1
153	25	0	0.2	0	40	0	1
154	60	0	0.2	0	64	0	1
155	28	0	0.2	10	40	44	2
157	171	0	0.2	69.8	200	0	2
158	8.6	0	0.2	3.5	40	51	2
159	24	0	0.2	21.5	40	24.5	2
160	55	0	0.2	47.3	64	18	2
161	31	0	0.2	13.7	40	53	2
162	106	0	0	53.9	40	36	2
165	107	0	0	53.9	40	36	2
166	9	0	0.2	3.8	40	80	2
167	6	0	0	3	40	36	2
168	104.5	0	0.2	48.1	40	62	2
169	28	0	0.2	9.9	40	44	2
170	6	0	0.2	3	40	36	2
172	171	0	0.2	69.3	200	0	2
173	8.6	0	0.2	3.5	40	51	2
174	24	0	0.2	21.5	40	24.5	2
175	55	0	0.2	47.7	64	18	2
176	31	0	0.2	13.1	40	53	2
177	107	0	0.2	53.6	40	36	2
178	106	0	0.2	53.6	40	36	2
179	9	0	0.2	3.8	40	80	2
180	5.4	0	0.2	3	40	0	2
181	5.4	0	0.2	3	40	0	2
182	3.49	0	0.2	0.26	40	0	2
183	12	0	0.2	10.1	40	60	2
184	12	0.365	0.2	10.1	40	60	2
185	1	0	0.2	0	40	45	1
186	12	0	0.2	7.5	40	125	2
187	4	0	0.2	0.7	40	98	2
188	12	0	0.2	2.2	40	22.5	2
189	7	0	0.2	2.1	40	74	2
190	7	0	0.2	2.1	40	74	2
193	104.5	0	0.2	47	40	62	2
194	8.4	0	0.2	5	0	0	2
195	0	0	0	0	0	0	3
196	45.44	0	0.2	0	0	0	1
197	5.5	0	0	0	0	0	1
198	0	0	0	0	0	0	3
199	4.6	0	0.2	3.4	25	23	2
200	5	0	0.2	3.4	0	10	2
201	5	0	0	3.4	25	12	2
202	5	0	0	3.4	0	10	2
203	5	0	0.2	3.4	0	10	2
204	9.8	0	0.2	0.5	16	14	2
205	3.5	0	0.2	0	25	80	1
206	5	0	0.2	4.2	16	24	2
207	6	0	0.2	4.2	16	24	2
208	6	0	0.2	4.2	16	24	2
209	6	0	0.2	4.2	16	24	2
210	6	0	0.2	4.2	16	24	2
211	6	0	0.2	4.2	40	22	2
212	6	0	0.2	4.2	16	24	2
213	6.2	0	0.2	4.2	16	24	2
214	6.2	0	0.2	4.2	16	24	2
215	6	0	0.2	4.2	16	24	2
216	7	0	0	3.2	0	10	2
217	7	0	0	3.2	0	10	2
218	7	0	0	3.2	0	10	2
219	7	0	0	3.2	0	10	2
220	7	0	0	3.2	0	10	2
221	0.5	0	0.2	0	25	56	1
222	6	0	0.2	0	25	15	1
223	5	0	0	4.2	16	25	2
224	5	0	0	4.2	40	15	2
225	5	0	0	4.2	16	25	2
226	6.3	0	0.2	3	40	52	2
227	6.6	0	0	0	40	19	1
228	4	0	0.2	0.4	0	36	2
229	21	0	0.2	15	40	26	2
230	40	0	0.2	28	64	25.7	2
231	5	0	0.2	1.4	25	35	2
232	5	0	0.2	2.4	25	35	2
233	9.5	0	0.2	6.6	40	18	2
234	5	0	0	2	25	35.7	2
235	10	0	0.2	5.8	25	37.9	2
236	4.4	0	0.2	2.9	40	90	2
237	3	0	0	1.8	40	150	2
238	3	0	0	1.8	40	150	2
239	40.2	0	0	35	40	78	2
240	35	0	0.2	11	0	122.7	2
241	35.65	0	0.2	11	0	122.7	2
242	6	0	0.2	1.5	0	105.5	2
243	32	0	0.2	10.72	0	86	2
244	21	0	0	17	0	40	2
245	11	0	0.2	7	40	46	2
246	11.2	0	0.2	7	40	46	2
247	15	0	0.2	10	40	40	2
248	7	0	0	3	16	15	2
249	4.4	0	0.2	0	0	52	1
250	4.4	0	0.2	0	0	52	1
251	7	0	0	5.8	16	10	2
252	8	0	0	3	16	10	2
253	8	0	0	3	16	10	2
254	6.5	0	0	3	16	10	2
255	4.5	0	0	3.5	40	48	2
256	4.5	0	0	3.5	40	48	2
257	2.6	0	0	1.2	16	27	2
258	2.6	0	0	1.2	16	27	2
259	5.75	0	0	3	16	15	2
260	7	0	0	3	16	15	2
261	7	0	0	3	16	15	2
262	7	0	0	3	16	15	2
263	6	0	0	0.7	40	25	2
264	25.5	0	0	0.7	40	25	2
265	11.5	0	0.2	8.2	40	20	2
266	11.5	0	0.2	8.2	40	20	2
267	43	0	0.2	21.7	160	112	2
268	42	0	0.2	21.5	160	112	2
269	11.5	0	0.2	9.8	40	68	2
270	42	0	0.2	19.8	160	112	2
271	43	0	0.2	19.6	160	112	2
272	42	0	0.2	18.5	160	68	2
273	181	0	0	142	200	20	2
274	181	0	0	142	200	20	2
275	181	0	0	142	200	20	2
276	170	0	0	141	200	20	2
277	170	0	0	142	200	20	2
278	49	0	0	25	200	20	2
279	48	0	0	25	200	20	2
280	48	0	0	25.5	200	20	2
281	52	0	0	27	200	85	2
282	51	0	0	27	200	98	2
283	51	0	0	27	200	98	2
284	22	0	0	11	40	92	2
285	13	0	0	11	40	125	2
286	11	0	0	0	25	200	1
287	11	0	0	0	25	200	1
288	120	0	0	0	0	64	1
289	118	0	0	0	0	64	1
290	130	0	0	0	0	63	1
291	128	0	0	0	0	63	1
292	35	0	0	0	40	80	1
293	27	0	0	0	200	100	1
294	27	0	0	0	200	100	1
295	25	0	0	0	200	100	1
296	25	0	0	0	200	100	1
297	25	0	0	0	200	100	1
298	25	0	0	0	200	100	1
299	27	0	0	0	200	100	1
300	27	0	0	0	200	100	1
301	25	0	0.2	6.8	40	12	2
302	25	0	0	6.1	40	12	2
303	25	0	0	5.9	40	12	2
304	25	0	0	6	40	12	2
305	25	0	0	4	40	12	2
306	25	0	0	4	40	12	2
307	13	0	0.2	12	40	64	2
308	25	0	0	6.2	40	12	2
309	2	0.27	0.2	1	0	0	2
310	3.5	0.255	0.2	2.8	25	126	2
311	3.5	0	0.2	2.8	25	126	2
312	12.5	0	0.2	9.8	40	51	2
313	8.5	0	0.2	6.9	25	126	2
314	8	0.26	0.2	0	40	28	3
315	5	0	0.2	2.8	40	36	2
316	9	0	0.2	7	40	24.5	2
317	3.5	0	0.2	1.3	16	92	2
318	14	0	0.2	10	40	24.5	2
319	8.3	0	0.2	6.7	25	126	2
320	6	0.265	0.2	0	40	12	3
321	0.3	0	0.2	0	25	165	1
322	0.5	0	0.2	0	40	29	1
323	22.9	0	0.2	0	40	63	1
324	22.9	0	0.2	0	40	63	1
325	17	0	0.2	0	25	17	1
326	17	0	0.2	0	25	17	1
327	17	0	0.2	0	25	17	1
328	17	0	0.2	0	25	17	1
329	15.6	0	0.2	0	25	50	1
330	15.6	0	0.2	0	25	50	1
331	21	0	0.2	0.5	25	32	2
332	21	0	0.2	0.5	25	32	2
333	21	0	0.2	0.5	25	32	2
334	13	0	0.2	0	40	0	1
335	13	0	0.2	6.6	40	64	2
336	22	0	0.2	0	40	92	1
337	13	0	0.2	0	40	125	1
338	14.71	0	0.2	0	25	126	1
339	13.73	0	0.2	0	25	126	1
340	12.75	0	0.2	0	25	126	1
341	12.75	0	0.2	9.8	25	126	2
342	13.73	0	0.2	9.8	25	126	2
343	14.71	0	0.2	9.8	25	126	2
344	14.7	0	0.2	9.8	40	152.4	2
345	15.7	0	0.2	9.8	40	152.4	2
346	14.7	0	0.2	9.8	40	152.4	2
347	12.25	0	0.2	6	40	152.4	2
348	12.25	0	0.2	6	40	152.4	2
349	12.25	0	0.2	6	40	152.4	2
350	16.671	0	0.2	9.757	40	152.4	2
351	15.69	0	0.2	9.757	40	152.4	2
352	14.7	0	0.2	9.757	40	152.4	2
353	12.25	0	0.2	5.8	40	152.4	2
354	12.25	0	0.2	5.8	40	152.4	2
355	12.25	0	0.2	5.8	40	152.4	2
356	191.23	0	0.2	167.2	250	57.65	2
357	191.23	0	0.2	168.48	250	57.65	2
358	194.17	0	0.2	168.48	250	57.65	2
359	191.23	0	0.2	168.67	250	57.65	2
360	191.23	0	0.2	167.69	250	57.65	2
361	191.23	0	0.2	169.165	250	57.65	2
362	0	0	0	0	0	0	3
363	128	0	0.2	0	160	63	1
364	130	0	0.2	0	160	63	1
365	115	0	0.2	0	160	63	1
366	118	0	0.2	0	160	63	1
367	35	0	0.2	0	64	32	1
368	58	0	0.2	46	160	40	2
369	43	0	0.2	38.5	160	50	2
370	5	0	0.2	1.8	40	92	2
371	3.5	0	0.2	1.8	40	200	2
372	14	0	0.2	9.2	40	23	2
373	14	0	0.2	9.2	40	23	2
374	2.3	0	0.2	0	40	200	1
375	3.3	0	0.2	2.2	40	98	2
376	3.5	0	0.2	0	40	60	1
377	14	0	0.2	0	40	23	1
378	4	0	0.2	0	40	46	1
379	2	0	0.2	1.8	40	93	2
380	5	0	0.2	2.4	40	23	2
381	8	0	0.2	7.4	40	46	2
382	10	0	0.2	4	40	23	2
383	16	0	0.2	8.5	40	125	2
384	5.5	0	0.2	6	16	58.5	2
385	59	0	0.2	45	160	15	2
386	59.18	0	0.2	45	160	15	2
387	13	0	0.2	7.5	40	23	2
388	3.5	0	0.2	2.2	40	46	2
389	10	0	0.2	5	40	23	2
390	2	0	0	1.8	40	93	2
391	31.3	0.265	0.2	16	0	0	2
398	5.172	0	0	0.25	0	0	2
403	12	0	0	7.4	0	0	2
405	3.5	0	0.2	0.47	0	0	2
406	3.5	0	0.2	0.47	0	0	2
407	3.5	0	0.2	0.5	0	0	2
408	11	0	0.2	6.8	0	0	2
409	11	0	0.2	6.8	0	0	2
410	11	0	0.2	6.8	0	0	2
412	22	0	0.2	0	40	0	1
413	0	0	0	0	0	0	3
414	22	0	0.2	0	40	0	1
415	22	0	0.2	0	25	0	1
416	22	0	0.2	0	25	0	1
417	22	0	0.2	0	25	0	1
418	0	0	0	0	0	0	3
419	2.8	0	0.2	0	16	160	2
420	0	0	0	0	0	0	3
422	2.8	0	0.2	2.44	16	160	2
423	2.8	0	0.2	2.44	16	160	2
424	2.8	0	0.2	2.44	16	160	2
425	0	0	0	0	0	0	3
426	20	0.305	0.2	15	0	135	2
427	48	0.25	0.2	42.336	160	40	3
428	48	0.25	0.2	42.456	160	40	3
429	55	0.25	0.2	48.186	160	40	3
430	55	0.25	0.2	47.622	160	40	3
440	9.5	0	0.2	7	40	0	2
441	3	0	0.2	1.95	10	0	2
451	35.2	0.26	0.2	33	64	0	3
452	35.2	0.26	0.2	33	64	0	3
453	0	0	0	0	0	0	3
454	0	0	0	0	0	0	3
455	35.2	0.26	0.2	32	64	0	3
456	33.5	0.26	0	30	64	0	3
457	5.15	0.26	0.2	2.6	40	0	3
458	5	0	0.2	2.18	0	0	2
459	2.5	0.26	0.2	2	0	0	3
460	0.5	0.265	0.2	0.3	16	0	3
461	2.51	0.265	0.2	2	40	0	3
462	0.5	0.265	0.2	0.126	16	0	2
463	0.5	0.265	0.2	0.126	16	0	2
467	22	0	0.2	0	40	92	1
472	13	0	0.2	0	40	125	1
473	13	0	0.2	10.7	40	64	2
474	13	0	0.2	0	40	0	1
476	25	0	0.2	0	63	0	2
477	5	0	0.2	0	25	0	1
479	0	0	0	0	0	0	3
480	0	0	0	0	0	0	3
481	0	0	0	0	0	0	3
482	29	0	0.2	0	100	0	1
483	0	0	0	0	0	0	3
484	0	0	0	0	0	0	3
485	0	0	0	0	0	0	3
486	0	0	0	0	0	0	3
487	9.5	0	0.2	7	40	0	2
488	9.5	0	0.2	7	40	0	2
489	9.5	0	0.2	6.8	40	0	2
490	0	0	0	0	0	0	3
491	9.5	0	0.2	6.8	40	0	2
492	3	0	0.2	1.8	10	0	2
493	14	0	0.2	7	40	0	2
495	14	0	0.2	7.5	40	0	2
496	0	0	0	0	0	0	3
497	14	0	0.2	0	40	0	1
498	14	0	0.2	0	40	0	1
499	0	0	0	0	0	0	3
500	5	0	0	2	40	0	2
502	5	0	0.2	2	40	0	2
503	3.5	0	0.2	1.95	40	0	2
504	0	0	0	0	0	0	3
505	3.5	0	0.2	1.9	40	0	2
506	0	0	0	0	0	0	3
507	3.5	0	0.2	1.9	40	0	2
508	0	0	0	0	0	0	3
509	3.5	0	0.2	1.9	40	0	2
510	0	0	0	0	0	0	3
511	0	0	0	0	0	0	3
514	8	0	0.2	7.5	40	0	2
515	5	0	0.2	2.5	40	0	2
516	3.5	0	0.2	0	40	0	2
519	3.2	0	0.2	-0.6	40	0	2
520	3.2	0	0.2	0.4	40	0	2
522	3.3	0	0.2	0.4	40	0	2
523	3.5	0	0.2	2.2	40	0	2
524	10	0	0.2	2.5	40	0	2
527	58	0	0.2	45.3	160	0	2
528	58	0	0.2	44.3	160	0	2
529	58	0	0.2	44.3	160	0	2
530	43	0	0.2	39.1	160	0	2
534	43	0	0.2	39.1	160	0	2
537	43	0	0.2	38.5	160	0	2
538	43	0	0.2	38.5	160	0	2
539	13	0	0.2	7.5	40	0	2
540	13	0	0.2	4.5	40	0	2
542	13	0	0.2	4.5	40	0	2
543	14	0	0.2	0	40	0	2
544	4	0	0.2	1.8	40	0	2
545	59.18	0	0	43.8	160	0	2
546	59.18	0	0.2	43.8	160	0	2
547	59	0	0.2	43.8	160	0	2
548	3.5	0	0.2	2.2	40	0	2
549	3.5	0	0.2	2	40	0	2
550	3.5	0	0.2	2	40	0	2
551	10	0	0.2	4.4	40	0	2
552	3.5	0	0.2	2	40	0	2
554	10	0	0.2	4.4	40	0	2
556	16	0	0.2	8	40	0	2
557	16	0	0.2	8	40	0	2
558	0	0	0	0	0	0	3
559	0	0	0	0	0	0	3
560	0	0	0	0	0	0	3
561	0	0	0	0	0	0	3
562	0	0	0	0	0	0	3
563	0	0	0	0	0	0	3
564	0	0	0	0	0	0	3
565	0	0	0	0	0	0	3
566	0	0	0	0	0	0	3
567	0	0	0	0	0	0	3
568	0	0	0	0	0	0	3
569	0	0	0	0	0	0	3
570	48	0	0	0	0	16	1
571	48	0	0	0	0	16	1
572	10	0.255	0.2	0	0	0	1
573	6	0	0.2	1.5	0	18	2
574	12.5	0	0.2	0	0	15	2
575	12.5	0	0.2	0	0	15	2
576	6	0	0.2	4.5	0	23	2
577	0	0	0	0	0	0	3
578	22	0	0.2	0	40	92	1
579	22	0	0	0	40	92	1
580	0	0	0	0	0	0	3
581	0	0	0	0	0	0	3
582	22	0	0.2	0	40	92	1
583	13	0	0.2	0	40	125	1
584	13	0	0.2	2	40	0	2
585	0	0	0	0	0	0	3
588	183	0	0	142	200	98	2
589	181	0	0.2	142	200	98	2
590	181	0	0.2	142	200	20	2
591	181	0	0	142	200	20	2
592	181	0	0.2	142	200	20	2
593	181	0	0.2	142	200	98	2
594	0	0	0	0	0	0	3
595	10	0	0.2	8	16	0	2
596	181	0	0.2	142	200	98	2
597	181	0	0.2	142	200	98	2
598	0	0	0	0	0	0	3
599	10	0	0	4.7	16	0	2
600	170	0	0.2	133	200	20	2
601	181	0	0.2	133	200	20	2
602	181	0	0	132	200	20	2
603	49	0	0.2	25.6	200	20	2
604	48	0	0.2	24.3	200	20	2
605	48	0	0.2	24.6	200	20	2
606	51	0	0.2	25.7	200	98	2
607	52	0	0.2	26.5	200	85	2
608	0	0	0	0	0	0	3
609	0	0	0	0	0	0	3
610	0	0	0	0	0	0	3
611	0	0	0.2	3.5	16	0	2
612	0	0	0	0	0	0	3
613	0	0	0	0	0	0	3
614	0	0	0	0	0	0	3
615	0	0	0	0	0	0	3
616	0	0	0	0	0	0	3
617	0	0	0	0	0	0	3
618	0	0	0	0	0	0	3
619	0	0	0	0	0	0	3
620	2.2	0	0.2	0	10	0	1
621	0	0	0	0	0	0	3
622	90	0	0.2	60	100	0	2
623	12	0.119	0.2	0	16	0	2
624	0	0	0	0	0	0	3
625	12	0	0.2	10	16	0	2
626	73	0	0	27	16	12	2
627	0	0	0	0	0	0	3
628	7.3	0	0	0	16	12	1
629	0	0	0	0	0	0	3
630	7.3	0	0	2.7	16	12	2
631	7.8	0	0	2.6	16	46	2
632	0	0	0	0	0	0	3
633	7.8	0	0	2.6	16	46	2
634	0	0	0	0	0	0	3
635	7.8	0	0	2.6	0	46	1
636	1	0	0	0	16	23	1
637	58	0	0.2	44.2	160	40	2
638	0	0	0	0	0	0	3
639	0	0	0	0	0	0	3
640	0	0	0	0	0	0	3
641	0	0	0	0	0	0	3
642	58	0	0.2	44.2	160	40	2
643	58	0	0.2	44.2	160	40	2
644	0	0	0	0	0	0	3
645	0	0	0	0	0	0	3
646	43	0	0.2	39.5	160	0	2
647	43	0	0.2	39.8	160	0	2
648	5	0	0.2	2.13	40	0	2
649	0	0	0	0	0	0	3
650	0	0	0	0	0	0	3
651	5	0	0.2	2.13	40	0	2
652	5	0	0.2	2.13	40	0	2
653	0	0	0	0	0	0	3
654	0	0	0	0	0	0	3
655	5	0	0.2	2.13	40	0	2
656	0	0	0	0	0	0	3
657	0	0	0	0	0	0	3
658	0	0	0	0	0	0	3
659	0	0	0	0	0	0	3
660	0	0	0	0	0	0	3
661	5	0	0.2	2.13	40	0	2
662	5	0	0	4.8	40	0	2
663	0	0	0	0	0	0	3
664	5	0	0	4.8	0	0	2
665	3.5	0	0.2	1.75	40	0	2
666	3.5	0	0.2	1.75	40	0	2
667	14	0	0.2	7.5	40	0	2
668	14	0	0.2	7	40	0	2
669	5	0	0.2	2.5	40	0	2
670	10	0	0.2	2.4	40	0	2
671	0	0	0	0	0	0	3
672	0	0	0	0	0	0	3
673	0	0	0	0	0	0	3
674	10	0	0.2	2.5	40	23	2
675	8	0	0.2	7.5	40	0	2
676	13	0	0.2	4.5	40	0	2
677	13	0	0.2	4.4	40	0	2
678	2.3	0	0.2	0.2	16	0	2
679	3.3	0	0	0.2	40	0	2
680	14	0	0.2	2.7	40	0	2
681	0	0	0	0	0	0	3
682	58	0	0	46	160	40	2
683	14	0	0.2	3.4	40	0	2
684	14	0	0.2	3.4	40	0	2
685	14	0	0.2	3.4	40	0	2
686	14	0	0.2	3.4	40	0	2
687	4	0	0.2	2	40	0	2
688	4	0	0.2	2	40	0	2
689	3.5	0	0	1.8	40	0	2
690	59	0	0.2	43.5	160	0	2
691	0	0	0	0	0	0	3
692	0	0	0	0	0	0	3
693	59	0	0	43.5	160	0	2
694	59	0	0	43.5	160	0	2
695	2	0	0.2	0.234	0	0	2
696	5.5	0	0	4.05	16	0	1
697	0	0	0	0	0	0	3
698	0	0	0	0	0	0	3
699	5.5	0	0.2	4.05	16	0	2
700	5.5	0	0.2	4.05	16	0	2
701	16	0	0.2	11	40	0	2
702	10	0	0	4.6	40	0	2
703	0	0	0.2	0	0	0	1
704	10	0	0	4.6	40	0	2
705	0	0	0	0	0	0	3
706	8	0	0.2	3	0	0	2
707	10	0	0	4.6	40	0	2
708	33	0	0.2	26	40	46	2
709	4	0	0.2	1.1	40	37	2
710	4	0	0.2	1.1	40	37	2
711	4	0	0.2	1.1	40	37	2
712	4	0	0.2	1.1	40	29	2
713	0.2	0	0.2	0.015	2.5	46	2
714	4	0	0.2	3.2	2.5	46	2
715	4	0	0.2	3.2	2.5	46	2
716	4	0	0.2	3.5	10	60	2
717	0.2	0	0.2	0.002	10	29	2
718	4	0	0.2	0	10	29	1
719	10	0	0.2	4.9	40	17.5	2
720	350	0	0.2	0	0	0	1
721	0	0	0.2	0	0	0	3
722	350	0	0.2	0	0	0	1
723	0	0	0	0	0	0	3
724	350	0	0.2	0	0	0	1
725	0	0	0	0	0	0	3
726	6	0	0.2	0	0	0	1
727	0	0	0	0	0	0	3
728	6	0	0	0.5	0	0	2
729	0	0	0	0	0	0	3
730	4	0	0	0	0	0	1
731	4	0	0	0	0	0	1
732	6	0	0	0	0	0	1
733	6	0	0	2	0	0	2
734	10	0	0	5	0	0	2
735	1	0	0	0.5	0	0	2
736	1	0	0	0.5	0	0	2
737	10	0	0	0.5	0	0	2
738	0	0	0	0	0	0	3
739	10	0	0	0.5	0	0	2
740	6	0	0	0.5	0	0	2
741	0	0	0	0	0	0	3
742	0	0	0	0	0	0	3
743	6	0	0	0.5	0	0	2
744	0	0	0	0	0	0	3
745	6	0	0	0.5	0	0	2
746	0	0	0	0	0	0	3
747	10	0	0	0	0	0	1
748	0	0	0	0	0	0	3
749	10	0	0	0	0	0	1
750	13	0	0.2	0	40	125	1
751	0	0	0	0	0	0	3
752	22	0	0.2	0	40	92	1
753	22	0	0.2	0	40	92	1
754	0	0	0	0	0	0	3
755	22	0	0.2	0	40	92	1
756	13	0	0.2	0	40	0	1
757	10	0	0.2	0	0	0	1
758	0	0	0	0	0	0	3
759	10	0	0.2	0.2	0	0	2
760	0	0	0	0	0	0	3
761	4.5	0	0.2	0.2	10	0	2
762	4.5	0	0.2	0.2	10	0	2
763	0	0	0	0	0	0	3
764	16	0	0.2	8	0	0	2
765	4.5	0	0.2	0.2	10	0	2
766	4.5	0	0.2	0.2	10	0	2
767	43	0	0.2	39	160	0	2
768	43	0	0.2	32	160	0	2
769	3.5	0	0.2	1.8	40	0	2
770	3.5	0	0.2	1.8	40	0	2
771	4.2	0	0.2	0	16	0	1
772	0	0	0.2	0	0	0	3
773	0	0	0	0	0	0	3
774	0	0	0	0	0	0	3
775	0	0	0	0	0	0	3
776	4.2	0	0.2	0	16	0	1
777	4.2	0	0.2	0	16	0	1
778	0	0	0	0	0	0	3
779	4.2	0	0.2	0	16	0	1
780	179	0	0.2	21	0	0	2
781	10	0.365	0	0	0	0	1
782	300	0	0.2	221	40	0	2
783	300	0	0.2	260	40	0	2
784	30	0	0.2	0	40	0	1
785	0	0	0	0	0	0	3
786	30	0	0.2	26.6	0	0	2
787	30	0	0.2	26.6	0	0	2
788	179	0	0.2	147	0	0	2
789	8	0	0.2	3.4	16	0	2
790	8	0	0.2	3.4	16	0	2
791	0.4	0	0	0.17	40	0	2
792	0	0	0	0	0	0	3
793	0	0	0	0	0	0	3
794	0	0	0	0	0	0	3
795	0.4	0	0.2	0.17	40	0	2
796	0.4	0	0.2	0.17	40	0	2
797	0.4	0	0.2	0.06	40	0	2
798	220	0	0.2	104.8	0	0	2
799	220	0	0.2	104.8	0	0	2
800	181	0	0.2	140	200	20	2
801	185	0	0.2	140	200	20	2
802	185	0	0.2	140	200	20	2
803	185	0	0.2	140	200	20	2
804	185	0	0.2	143	200	20	2
805	185	0	0.2	140	200	20	2
806	0	0	0	0	0	0	3
807	170	0	0.2	140	200	20	2
808	170	0	0.2	140	200	20	2
809	170	0	0.2	140	200	20	2
810	170	0	0.2	140	200	20	2
811	48	0	0.2	25	200	20	2
812	48	0	0.2	25	200	20	2
813	0	0	0	0	0	0	3
814	48	0	0.2	25	200	20	2
815	48	0	0	25	200	20	2
816	0	0	0	0	0	0	3
817	0	0	0	0	0	0	3
818	48	0	0.2	25	200	20	2
819	48	0	0.2	25	200	20	2
820	52	0	0.2	28	200	85	2
821	52	0	0.2	28	200	85	2
822	52	0	0.2	27	200	85	2
823	52	0	0.2	28	200	85	2
824	52	0	0.2	28	200	85	2
825	51	0	0.2	28	200	98	2
826	51	0	0.2	28	200	98	2
827	170	0	0.2	140	200	20	2
828	170	0	0.2	140	200	20	2
829	170	0	0.2	140	200	20	2
830	9.5	0	0.2	7	40	0	2
831	0	0	0	0	0	0	3
832	0	0	0	0	0	0	3
833	9.5	0	0.2	7.5	40	0	2
834	0	0	0.2	0	0	0	3
835	9.5	0	0.2	6.8	40	0	2
836	3	0	0.2	1.8	10	0	2
837	0	0	0	0	0	0	3
838	0	0.265	0.2	0	0	0	3
839	0	0	0	0	0	0	3
840	43	0	0.2	17	0	0	2
841	43	0	0.2	16.7	0	0	2
842	1	0	0.2	0.18	10	125	2
843	1	0	0.2	0.18	10	125	2
844	5	0	0.2	4.6	10	126	2
845	5	0	0.2	1.42	25	165	2
846	0	0	0	0	0	0	3
847	6	0	0.2	4.83	10	0	2
848	6	0	0.2	4.83	10	0	2
849	10	0	0.2	8.6	10	0	2
850	10	0	0.2	8.5	10	0	2
851	0	0	0	0	0	0	3
852	23	0	0.2	0	40	0	1
853	22	0	0.2	0	40	0	1
854	56	0	0.2	0	0	0	1
855	56	0	0.2	0	0	0	1
856	56	0	0.2	0	0	0	1
857	48	0	0.2	0	0	0	1
858	48	0	0.2	0	0	0	1
859	13	0	0.2	0	40	125	1
860	22	0	0.2	0	40	92	1
861	0	0	0	0	0	0	3
862	13	0	0.2	0	40	0	1
863	0	0	0	0	0	0	3
864	13	0	0.2	5.6	40	0	2
865	7	0	0.2	0	10	0	1
866	7	0	0.2	0	10	0	1
867	7	0	0.2	0	10	0	1
868	0	0	0	0	0	0	3
869	0	0	0	0	0	0	3
870	0	0	0	0	0	0	3
871	0	0	0	0	0	0	3
872	7	0	0.2	0	10	0	1
873	6	0	0.2	0	25	0	1
874	0	0	0	0	0	0	3
875	6	0	0.2	0	25	200	1
876	8	0	0.2	0	40	0	1
877	0.8	0	0.2	0	40	125	1
878	3	0	0.2	0	25	165	1
879	6	0	0.2	0	25	18	1
880	0.3	0	0.2	0	40	0	1
881	14	0	0.2	0	40	18	1
882	54	0	0.2	0	160	23	1
883	54	0	0.2	0	160	23	1
884	6	0	0.2	0	40	51	1
885	6	0	0.2	0	40	51	1
886	6	0	0.2	0	40	51	1
887	17.5	0	0.2	8	40	0	2
888	10.3	0	0.2	8	0	0	2
889	54	0	0.2	0	63	0	1
890	24	0	0.2	13.5	40	0	2
891	17	0	0.2	0	0	0	1
892	17	0	0.2	0	0	0	1
893	6	0	0.2	6	16	23	2
894	6	0	0.2	4.6	40	0	2
895	250	0	0.2	180	320	9	2
896	13	0	0.2	0.2	0	0	2
897	10	0	0.2	1	0	0	2
898	35	0	0.2	15	0	17.5	2
899	5	0	0.2	2.5	0	0	2
900	24	0	0.2	0	0	0	1
901	24	0	0.2	14.5	0	0	2
902	24	0	0.2	14.5	0	0	2
903	24	0	0.2	14	0	0	2
904	194	0	0.2	149.8	0	0	2
905	199.8	0	0.2	150.8	0	0	2
906	0	0	0	0	0	0	3
907	0	0	0	0	0	0	3
908	186.7	0	0.2	151	0	0	2
909	33	0	0.2	24.1	0	0	2
910	34	0	0.2	21.4	0	0	2
911	31.4	0	0.2	24.3	0	0	2
912	104	0	0.2	73	0	0	2
913	8	0	0.2	4.6	0	0	2
914	8.2	0	0.2	4.6	0	0	2
915	6.9	0	0.2	3.6	0	0	2
916	45	0	0.2	22	0	0	2
917	30.5	0	0.2	24.5	0	0	2
918	31.4	0	0.2	24.5	0	0	2
919	28.4	0	0.2	21	0	0	2
920	8	0	0.2	5	0	0	2
921	31.4	0	0.2	24.5	0	0	2
922	5.9	0.265	0.2	0	40	0	1
923	17	0	0.2	10.3	40	0	2
924	17	0	0.2	11.65	40	0	2
925	22	0	0.2	20.7	40	0	2
926	0.5	0	0.2	0.17	16	0	2
927	10	0	0.2	4.9	16	0	2
928	10.5	0	0.2	9.9	40	0	2
929	10.5	0	0.2	9.9	40	0	2
930	10.5	0	0.2	9.9	40	0	2
931	4.5	0	0.2	1.1	16	0	2
932	0	0	0	0	0	0	3
933	43	0	0.2	0	0	0	1
934	46	0	0.2	0	0	0	1

